moveArray([-33,-33,-33,-33,-33,-33],2 , 180)
moveArray([-90,-90,-90,-90,-90,-90],2 , 180)
moveArray([-90,-90,-90,-90,-90,-90],2 , 180)
moveArray([-89,-18,+35,-88,+35,-18],2 , 180)
moveArray([-90,-90,-90,-90,-90,-90],2 , 180)
moveArray([-90,-90,-90,-90,-90,-90],2 , 180)
moveArray([-33,-33,-33,-33,-33,-33],2 , 180)
moveArray([-62,-86,-86,-62,-86,-86],2 , 180)
moveArray([+64,-87,-87,+64,-87,-87],2 , 180)
moveArray([+85,-90,-90,+87,-90,-90],2 , 180)
moveArray([+64,-87,-87,+64,-87,-87],2 , 180)
moveArray([-62,-86,-86,-62,-86,-86],2 , 180)
moveArray([-33,-33,-33,-33,-33,-33],2 , 180)
