moveArray([-83,-63,-66,-83,+42,+53],2 , 180)
moveArray([-89,+53,+53,-89,+53,+53],2 , 180)
moveArray([-88,+52,+55,-88,+55,+52],2 , 180)
moveArray([-89,+56,+50,-88,+49,+57],2 , 180)
moveArray([-88,+52,+55,-88,+55,+52],2 , 180)
moveArray([-89,+53,+53,-89,+53,+53],2 , 180)
moveArray([-33,-33,-33,-33],3 , 180)
moveArray([-13,-81,-82,-8,-82,-81],2 , 180)
moveArray([+11,-84,-84,-2,-84,-84],2 , 180)
moveArray([-6,-85,-85,+10,-85,-85],2 , 180)
moveArray([+11,-84,-84,-2,-84,-84],2 , 180)
moveArray([-13,-81,-82,-8,-82,-81],2 , 180)
moveArray([-33,-33,-33,-33],3 , 180)


moveArray([-33,-33,-33,-33],3 , 180)
moveArray([-67,+62,-67,-67,-67,+62],2 , 180)
moveArray([-84,-81,+33,-81,-84,+25],2 , 180)
moveArray([+55,-89,+54,+54,-89,+49],2 , 180)
moveArray([-13,-81,-82,-8,-82,-81],2 , 180)
moveArray([+53,+53,-89,+51,+55,-89],2 , 180)
moveArray([-78,+45,-78,-87,+12,-87],2 , 180)
moveArray([-89,+53,+53,-89,+53,+53],2 , 180)
moveArray([-84,-81,+33,-81,-84,+25],2 , 180)
moveArray([+55,-89,+54,+54,-89,+49],2 , 180)
moveArray([-13,-81,-82,-8,-82,-81],2 , 180)
moveArray([+53,+53,-89,+51,+55,-89],2 , 180)
moveArray([-78,+45,-78,-87,+12,-87],2 , 180)
moveArray([-89,+53,+53,-89,+53,+53],2 , 180)
moveArray([-33,-33,-33,-33],3 , 180)


moveArray([-33,-33,-33,-33],3 , 180)
moveArray([-83,-68,-59,-22,-77,-62],2 , 180)
moveArray([-75,-80,-60,-48,-50,-67],2 , 180)
moveArray([-54,-89,-50,-77,-35,-67],2 , 180)
moveArray([-64,-78,-78,-61,-58,-44],2 , 180)
moveArray([-74,-76,-75,-81,-42,-15],2 , 180)
moveArray([-43,-38,-76,-72,-45,-40],2 , 180)
moveArray([-36,-76,-50,-89,-54,-68],2 , 180)
moveArray([-43,-41,-45,-72,-76,-38],2 , 180)
moveArray([-67,-35,-77,-50,-89,-54],2 , 180)
moveArray([-38,-44,-40,-46,-72,-76],2 , 180)
moveArray([-50,-77,-35,-67,-54,-89],2 , 180)
moveArray([-80,-60,-48,-50,-67,-75],2 , 180)
moveArray([-83,-68,-59,-22,-77,-62],2 , 180)
moveArray([-33,-33,-33,-33],3 , 180)


moveArray([-88,+51,+55,-88,+56,+52],2 , 180)
moveArray([-88,+52,+55,-88,+55,+52],2 , 180)
moveArray([-88,-78,-78,-88,-30,-30],2 , 180)
moveArray([+89,-85,-85,+90,-0,+41],2 , 180)
moveArray([-11,-86,-78,-64,-35,-61],2 , 180)
moveArray([-64,-78,-78,-61,-58,-44],2 , 180)
moveArray([+43,-55,-61,+37,+43,+38],2 , 180)
moveArray([+40,+44,+31,+59,-46,-67],2 , 180)
moveArray([-38,-44,-40,-46,-72,-76],2 , 180)
moveArray([-15,-59,-16,-69,-77,-86],2 , 180)

